intrinsic:
  resolution: [1928, 1208]
  center: [957.5334, 620.9584]
  a0: 473.23063551
  a2: -0.00087925082185
  a3: 7.4863433117e-7
  a4: -5.89348681e-10
