intrinsic:
  resolution: [1920, 1080]
  center: [960, 540]
  a0: 522.5964765483543
  a2: -0.00040253105605128473
  a3: 9.432641253869209e-08
  a4: -2.8107204522460337e-10
