intrinsic:
  resolution: [1928, 1208]
  center: [962.4062, 603.0461]
  a0: 471.70121851
  a2: -0.0008719800654
  a3: 7.3649873004e-7
  a4: -5.8441480895e-10
