intrinsic:
  resolution: [1928, 1208]
  center: [965.2106, 568.0134]
  a0: 471.58211286
  a2: -0.00087914320614
  a3: 7.5566029999e-7
  a4: -5.9162748265e-10
