intrinsic:
  resolution: [1928, 1208]
  center: [964.5067, 575.0819]
  a0: 470.20159734
  a2: -0.00088043730786
  a3: 7.4331630737e-7
  a4: -5.7969235766e-10
